SNP,chr.exposure,pos.exposure,effect_allele.exposure,other_allele.exposure,eaf.exposure,beta.exposure,se.exposure,pval.exposure,samplesize.exposure,rsid.exposure,exposure,id.exposure
chr1:87913176,1,87913176,C,T,0.637,0.0154947163221235,0.00264954058636653,5.06e-09,1224661,rs11162019,smoking,smoking
chr2:172521827,2,172521827,G,A,0.658,0.0151215822660203,0.00268576249814973,1.8e-08,1185909,rs7600835,smoking,smoking
chr2:226332033,2,226332033,A,G,0.8,0.0240053355928417,0.00318517731426786,4.85e-14,1224561,rs4674993,smoking,smoking
chr3:59434420,3,59434420,A,G,0.469,0.0146439376904357,0.00255305354501013,9.91e-09,1219509,rs1910236,smoking,smoking
chr3:85460131,3,85460131,C,T,0.385,0.0245223134403877,0.00262304488914841,8.8e-21,1222403,rs1549979,smoking,smoking
chr3:114147927,3,114147927,A,G,0.735,0.0174410822809077,0.00288686847985553,1.5e-09,1202717,rs9288999,smoking,smoking
chr5:30842054,5,30842054,G,T,0.538,0.015354478851039,0.00255553291864044,1.89e-09,1224523,rs12517438,smoking,smoking
chr5:165096435,5,165096435,G,T,0.536,0.0210671931230717,0.00255477242593266,1.62e-16,1214873,rs3909281,smoking,smoking
chr6:97702876,6,97702876,A,G,0.753851,0.0188690056414671,0.00295768425707732,1.74e-10,1226188,rs6568832,smoking,smoking
chr6:111658371,6,111658371,G,T,0.188,0.0367484077425043,0.00326089388209887,1.9e-29,1227421,rs118202,smoking,smoking
chr10:8803551,10,8803551,T,C,0.252,0.0163915428331727,0.00293455690782236,2.36e-08,1227076,rs10905461,smoking,smoking
chr10:11133823,10,11133823,G,A,0.534,0.0144929887207407,0.00255405366546437,1.39e-08,1220680,rs1291821,smoking,smoking
chr10:103186838,10,103186838,G,A,0.769678,0.0192574539815895,0.00302601695528219,1.98e-10,1216296,rs7901883,smoking,smoking
chr11:46078656,11,46078656,A,G,0.704674,0.0170798652799423,0.00279285661543118,9.82e-10,1226775,rs2959084,smoking,smoking
chr12:75263193,12,75263193,T,C,0.713,0.0157969079482934,0.00288410760737097,4.3e-08,1168657,rs7134009,smoking,smoking
chr15:47685010,15,47685010,A,G,0.357,0.0246892355778618,0.00265921842184342,1.59e-20,1226437,rs281296,smoking,smoking
chr16:87443734,16,87443734,C,T,0.441,0.0148300166955147,0.00256606945167423,7.37e-09,1210408,rs1050847,smoking,smoking
chr17:7795972,17,7795972,A,G,0.580652,0.0145828932134381,0.00258195312863141,1.59e-08,1211948,rs11078713,smoking,smoking
chr17:77790135,17,77790135,T,C,0.498,0.0146602397314715,0.00254816223679372,8.69e-09,1226474,rs2587507,smoking,smoking
chr19:55879872,19,55879872,T,C,0.473,0.0141622770326115,0.00255186518715053,2.92e-08,1211443,rs1126757,smoking,smoking
